35.84369 127.12411
35.84403 127.12454
35.84434 127.12487
35.84491 127.12506
35.84535 127.12567
35.84305 127.12492
35.84356 127.12534
35.84401 127.1257
35.84429 127.12603
35.84476 127.12642
35.84221 127.12607
35.84285 127.12653
35.84343 127.12696
35.84366 127.12713
35.8441 127.12749
35.84176 127.1267
35.84232 127.12736
35.84279 127.12795
35.84326 127.12872
35.84096 127.12777
35.84165 127.12864
35.84189 127.12895
35.84123 127.1296
35.84176 127.13069
35.84021 127.12875
35.84078 127.12952
35.84097 127.1298
35.83965 127.1294
35.84006 127.13073
35.8405 127.13205
35.84078 127.13302
35.84159 127.13282
35.84099 127.13371
35.84126 127.13472
35.84223 127.13366
35.84255 127.13413
35.84165 127.1359
35.84233 127.13542
35.84301 127.13595
35.84203 127.13724
35.84278 127.13692
35.84319 127.13672
35.84358 127.13647
35.84228 127.13804
35.84301 127.13769
35.84355 127.13789
35.84391 127.13737
35.84421 127.13713